0000: 48 b8 00 00 00 00 00 00 00 00 49 89 87 80 02 00
0010: 00 c3 49 8b 87 88 02 00 00 49 89 87 80 02 00 00
0020: c3 48 b8 00 00 00 00 00 00 00 00 49 89 87 80 02
0030: 00 00 48 b8 01 00 00 00 00 00 00 00 49 89 87 88
0040: 02 00 00 49 8b 87 80 02 00 00 49 8b 8f 88 02 00
0050: 00 48 01 c8 49 89 87 80 02 00 00 c3 48 b8 00 00
0060: 00 00 00 00 00 00 49 89 87 80 02 00 00 48 b8 00
0070: 00 00 00 00 00 00 00 49 89 87 88 02 00 00 48 b8
0080: 00 00 00 00 00 00 00 00 49 89 87 90 02 00 00 c3
0090: 49 8b 87 88 02 00 00 49 89 87 80 02 00 00 c3 90
00a0: c3 90 90 c3 90 90 90 c3 90 90 90 90 c3 90 90 90
00b0: 90 90 c3 90 90 90 90 90 90 c3 90 90 90 90 90 90
00c0: 90 c3 90 90 90 90 90 90 90 90 c3 90 90 90 90 90
00d0: 90 90 90 90 c3 90 90 90 90 90 90 90 90 90 90 c3
00e0: 90 90 90 90 90 90 90 90 90 90 90 c3 90 90 90 90
00f0: 90 90 90 90 90 90 90 90 c3 49 8b 87 80 02 00 00
0100: 48 ff c0 49 89 87 80 02 00 00 c3 49 8b 87 80 02
0110: 00 00 48 ff c8 49 89 87 80 02 00 00 c3 e9 de fe
0120: ff ff c3 e8 d8 fe ff ff c3 48 b8 00 00 00 00 00
0130: 00 00 00 49 89 87 80 02 00 00 48 b8 00 00 00 00
0140: 00 00 00 00 49 89 87 88 02 00 00 49 8b 87 80 02
0150: 00 00 49 8b 8f 88 02 00 00 48 39 c8 0f 84 9e fe
0160: ff ff c3 48 b8 00 00 00 00 00 00 00 00 49 89 87
0170: 80 02 00 00 48 b8 00 00 00 00 00 00 00 00 49 89
0180: 87 88 02 00 00 49 8b 87 80 02 00 00 49 8b 8f 88
0190: 02 00 00 48 39 c8 0f 85 64 fe ff ff c3 48 b8 00
01a0: 00 00 00 00 00 00 00 49 89 87 80 02 00 00 48 b8
01b0: 00 00 00 00 00 00 00 00 49 89 87 88 02 00 00 49
01c0: 8b 87 80 02 00 00 49 8b 8f 88 02 00 00 48 39 c8
01d0: 0f 8c 2a fe ff ff c3 48 b8 00 00 00 00 00 00 00
01e0: 00 49 89 87 80 02 00 00 48 b8 00 00 00 00 00 00
01f0: 00 00 49 89 87 88 02 00 00 49 8b 87 80 02 00 00
0200: 49 8b 8f 88 02 00 00 48 39 c8 0f 8d f0 fd ff ff
0210: c3 48 b8 00 00 00 00 00 00 00 00 49 89 87 80 02
0220: 00 00 48 b8 00 00 00 00 00 00 00 00 49 89 87 88
0230: 02 00 00 49 8b 87 80 02 00 00 49 8b 8f 88 02 00
0240: 00 48 39 c8 0f 8e b6 fd ff ff c3 48 b8 00 00 00
0250: 00 00 00 00 00 49 89 87 80 02 00 00 48 b8 00 00
0260: 00 00 00 00 00 00 49 89 87 88 02 00 00 49 8b 87
0270: 80 02 00 00 49 8b 8f 88 02 00 00 48 39 c8 0f 8f
0280: 7c fd ff ff c3 48 b8 00 00 00 00 00 00 00 00 49
0290: 89 87 80 02 00 00 48 b8 00 00 00 00 00 00 00 00
02a0: 49 89 87 88 02 00 00 49 8b 87 80 02 00 00 49 8b
02b0: 8f 88 02 00 00 48 39 c8 0f 82 42 fd ff ff c3 48
02c0: b8 00 00 00 00 00 00 00 00 49 89 87 80 02 00 00
02d0: 48 b8 00 00 00 00 00 00 00 00 49 89 87 88 02 00
02e0: 00 49 8b 87 80 02 00 00 49 8b 8f 88 02 00 00 48
02f0: 39 c8 0f 83 08 fd ff ff c3 48 b8 00 00 00 00 00
0300: 00 00 00 49 89 87 80 02 00 00 48 b8 00 00 00 00
0310: 00 00 00 00 49 89 87 88 02 00 00 49 8b 87 80 02
0320: 00 00 49 8b 8f 88 02 00 00 48 39 c8 0f 86 ce fc
0330: ff ff c3 48 b8 00 00 00 00 00 00 00 00 49 89 87
0340: 80 02 00 00 48 b8 00 00 00 00 00 00 00 00 49 89
0350: 87 88 02 00 00 49 8b 87 80 02 00 00 49 8b 8f 88
0360: 02 00 00 48 39 c8 0f 87 94 fc ff ff c3 48 b8 00
0370: 10 00 00 00 00 00 00 49 89 87 80 02 00 00 c3 48
0380: b8 00 00 00 00 00 00 00 00 49 89 87 80 02 00 00
0390: c3 48 b8 00 00 00 00 00 00 00 00 49 89 87 80 02
03a0: 00 00 c3
len=931 sha256=5714c2a59147ee561049c2d53e1241720dd59123cb0b6e37d7ee1e792c9f4f04
